1,1,208.82,251.81,92.98000000000002,38.76999999999998,1,1,1.0
1,2,121.83,335.26,132.54000000000002,56.75,1,1,1.0
1,3,735.08,267.14,70.09999999999991,37.900000000000034,1,1,1.0
2,1,208.83,251.87,92.97999999999999,38.77999999999997,1,1,1.0
2,2,98.22,338.95,133.93,58.00999999999999,1,1,1.0
2,3,720.63,268.99,71.64999999999998,38.64999999999998,1,1,1.0
3,1,208.84,251.94,92.97999999999999,38.78000000000003,1,1,1.0
3,2,74.6,342.63,135.34,59.28000000000003,1,1,1.0
3,3,706.19,270.83,73.18999999999994,39.410000000000025,1,1,1.0
4,1,208.85,252.01,92.97999999999999,38.78000000000003,1,1,1.0
4,2,48.3,346.31,139.42000000000002,60.55000000000001,1,1,1.0
4,3,691.74,272.68,74.75,40.15999999999997,1,1,1.0
5,1,208.86,252.08,92.97999999999996,38.78,1,1,1.0
5,2,23.3,349.99,142.20999999999998,61.81,1,1,1.0
5,3,677.29,274.53,76.30000000000007,40.900000000000034,1,1,1.0
6,1,208.87,252.15,92.98000000000002,38.78,1,1,1.0
6,2,0.0,353.67,143.29,63.079999999999984,1,1,1.0
6,3,662.85,276.38,77.84000000000003,41.64999999999998,1,1,1.0
7,1,208.88,252.22,92.98000000000002,38.78,1,1,1.0
7,2,0.0,357.35,121.07,64.34999999999997,1,1,1.0
7,3,648.4,278.22,79.38999999999999,42.40999999999997,1,1,1.0
8,1,208.89,252.29,92.98000000000002,38.78,1,1,1.0
8,2,0.0,361.22,97.08,61.17999999999995,1,1,1.0
8,3,633.96,280.07,80.92999999999995,43.160000000000025,1,1,1.0
9,1,208.9,252.36,92.97999999999999,38.77999999999997,1,1,1.0
9,2,0.0,365.1,73.09,58.0,1,1,1.0
9,3,619.51,281.92,82.48000000000002,43.90999999999997,1,1,1.0
10,1,208.91,252.43,92.97999999999999,38.76999999999998,1,1,1.0
10,2,0.0,368.97,49.09,54.829999999999984,1,1,1.0
10,3,605.06,283.77,84.04000000000008,44.660000000000025,1,1,1.0
11,1,208.92,252.5,92.97999999999999,38.76999999999998,1,1,1.0
11,3,589.05,286.18,84.75999999999999,44.93000000000001,1,1,1.0
12,1,208.93,252.57,92.98000000000002,38.76999999999998,1,1,1.0
12,3,573.04,288.6,85.48000000000002,45.17999999999995,1,1,1.0
13,1,208.94,252.63,92.98000000000002,38.78000000000003,1,1,1.0
13,3,557.03,291.01,86.20000000000005,45.44999999999999,1,1,1.0
14,1,208.95,252.7,92.98000000000002,38.78000000000003,1,1,1.0
14,3,541.02,293.43,86.92000000000007,45.70999999999998,1,1,1.0
15,1,208.96,252.77,92.97999999999999,38.78,1,1,1.0
15,3,525.01,295.84,87.64999999999998,45.98000000000002,1,1,1.0
16,1,208.97,252.84,92.97999999999999,38.78,1,1,1.0
16,3,509.0,298.26,88.37,46.24000000000001,1,1,1.0
17,1,208.98,252.91,92.97999999999999,38.78,1,1,1.0
17,3,491.46,300.67,90.62000000000006,47.40999999999997,1,1,1.0
18,1,208.99,252.98,92.98000000000002,38.78,1,1,1.0
18,3,473.91,303.09,92.87999999999994,48.58000000000004,1,1,1.0
19,1,209.0,253.05,92.98000000000002,38.77999999999997,1,1,1.0
19,3,456.37,305.5,95.13999999999999,49.75,1,1,1.0
20,1,209.01,253.12,92.98000000000002,38.77999999999997,1,1,1.0
20,3,438.83,307.92,97.39000000000004,50.91999999999996,1,1,1.0
21,1,209.02,253.19,92.97999999999999,38.76999999999998,1,1,1.0
21,3,421.29,310.33,99.63999999999993,52.09000000000003,1,1,1.0
22,1,209.03,253.26,92.97999999999999,38.76999999999998,1,1,1.0
22,3,403.74,312.75,101.89999999999998,53.25999999999999,1,1,1.0
23,1,209.04,253.32,92.97999999999999,38.78000000000003,1,1,1.0
23,3,386.2,315.17,104.15000000000003,54.41999999999996,1,1,1.0
24,1,209.05,253.39,92.97999999999996,38.78000000000003,1,1,1.0
24,3,367.2,318.15,105.69999999999999,55.18000000000001,1,1,1.0
25,1,209.06,253.46,92.98000000000002,38.78,1,1,1.0
25,3,348.2,321.13,107.25,55.93000000000001,1,1,1.0
26,1,209.07,253.53,92.98000000000002,38.78,1,1,1.0
26,3,329.2,324.12,108.80000000000001,56.68000000000001,1,1,1.0
27,1,209.08,253.6,92.97999999999999,38.78,1,1,1.0
27,3,308.73,327.92,111.62,57.599999999999966,1,1,1.0
28,1,209.09,253.67,92.97999999999999,38.78,1,1,1.0
28,3,288.25,331.72,114.44999999999999,58.51999999999998,1,1,1.0
29,1,209.1,253.74,92.97999999999999,38.77999999999997,1,1,1.0
29,3,264.97,335.6,117.75999999999999,59.620000000000005,1,1,1.0
30,1,209.11,253.81,92.97999999999996,38.77999999999997,1,1,1.0
30,3,241.7,339.49,121.05000000000001,60.70999999999998,1,1,1.0
31,1,209.12,253.88,92.98000000000002,38.78000000000003,1,1,1.0
31,3,218.42,343.37,124.35999999999999,61.81,1,1,1.0
32,1,209.13,253.95,92.98000000000002,38.77000000000004,1,1,1.0
32,3,195.15,347.26,127.65,62.910000000000025,1,1,1.0
33,1,209.14,254.02,92.98000000000002,38.77000000000001,1,1,1.0
33,3,171.87,351.14,130.95999999999998,64.00999999999999,1,1,1.0
34,1,209.15,254.08,92.97999999999999,38.78,1,1,1.0
34,3,148.59,355.03,134.26000000000002,65.10000000000002,1,1,1.0
35,1,209.16,254.15,92.97999999999999,38.78,1,1,1.0
35,3,125.32,358.91,137.56,66.19999999999999,1,1,1.0
36,1,209.17,254.22,92.97999999999999,38.78,1,1,1.0
36,3,102.04,362.8,140.86,67.28999999999996,1,1,1.0
37,1,209.18,254.29,92.98000000000002,38.78,1,1,1.0
37,3,74.29,366.98,145.76999999999998,69.88999999999999,1,1,1.0
38,1,209.19,254.36,92.98000000000002,38.77999999999997,1,1,1.0
38,3,46.55,371.16,150.66000000000003,72.48999999999995,1,1,1.0
39,1,209.2,254.43,92.98000000000002,38.77999999999997,1,1,1.0
39,3,18.8,375.33,155.57,75.09000000000003,1,1,1.0
40,1,209.21,254.5,92.97999999999999,38.77999999999997,1,1,1.0
40,3,0.0,379.51,151.52,77.69,1,1,1.0
41,1,209.22,254.57,92.97999999999999,38.78000000000003,1,1,1.0
41,3,0.0,383.37,125.11,75.89999999999998,1,1,1.0
42,1,209.23,254.64,92.97999999999999,38.77000000000004,1,1,1.0
42,3,0.0,387.22,98.71,74.10999999999996,1,1,1.0
43,1,209.24,254.71,92.98000000000002,38.77000000000001,1,1,1.0
43,3,0.0,391.08,72.3,72.32,1,1,1.0
44,1,209.25,254.78,92.98000000000002,38.77000000000001,1,1,1.0
45,1,209.26,254.84,92.98000000000002,38.78,1,1,1.0
46,1,209.27,254.91,92.97999999999999,38.78,1,1,1.0
47,1,209.28,254.98,92.97999999999999,38.78,1,1,1.0
48,1,209.29,255.05,92.97999999999999,38.77999999999997,1,1,1.0
49,1,209.3,255.12,92.97999999999996,38.77999999999997,1,1,1.0
50,1,209.31,255.19,92.98000000000002,38.78000000000003,1,1,1.0
51,1,209.32,255.26,92.98000000000002,38.78000000000003,1,1,1.0
52,1,209.33,255.33,92.97999999999999,38.78,1,1,1.0
53,1,209.34,255.4,92.97999999999999,38.77000000000001,1,1,1.0
54,1,209.35,255.47,92.97999999999999,38.77000000000001,1,1,1.0
55,1,209.36,255.53,92.97999999999996,38.78,1,1,1.0
56,1,209.37,255.6,92.98000000000002,38.78,1,1,1.0
57,1,209.38,255.67,92.98000000000002,38.78,1,1,1.0
58,1,209.39,255.74,92.98000000000002,38.77999999999997,1,1,1.0
59,1,209.4,255.81,92.97999999999999,38.77999999999997,1,1,1.0
60,1,209.41,255.88,92.97999999999999,38.78000000000003,1,1,1.0
60,4,907.66,225.92,52.34000000000003,69.34,1,1,1.0
61,1,209.42,255.95,92.97999999999999,38.78000000000003,1,1,1.0
61,4,902.17,226.31,57.83000000000004,70.55000000000001,1,1,1.0
62,1,209.43,256.02,92.98000000000002,38.78000000000003,1,1,1.0
62,4,896.68,226.69,63.32000000000005,71.76999999999998,1,1,1.0
63,1,209.44,256.09,92.98000000000002,38.77000000000004,1,1,1.0
63,4,891.19,227.08,68.80999999999995,72.98999999999998,1,1,1.0
64,1,209.45,256.16,92.98000000000002,38.76999999999998,1,1,1.0
64,4,885.7,227.46,74.29999999999995,74.21000000000001,1,1,1.0
65,1,209.46,256.23,92.97999999999999,38.76999999999998,1,1,1.0
65,4,878.88,227.85,81.12,75.41999999999999,1,1,1.0
66,1,209.47,256.29,92.97999999999999,38.77999999999997,1,1,1.0
66,4,872.06,228.23,87.94000000000005,76.64000000000001,1,1,1.0
67,1,209.48,256.36,92.97999999999999,38.77999999999997,1,1,1.0
67,4,865.24,228.62,94.75999999999999,77.85000000000002,1,1,1.0
68,1,209.49,256.43,92.98000000000002,38.77999999999997,1,1,1.0
68,4,858.42,229.0,101.58000000000004,79.07999999999998,1,1,1.0
69,1,209.5,256.5,92.98000000000002,38.77999999999997,1,1,1.0
69,4,851.59,229.39,108.40999999999997,80.29000000000002,1,1,1.0
70,1,209.51,256.57,92.98000000000002,38.78000000000003,1,1,1.0
70,4,844.77,229.77,115.23000000000002,81.50999999999996,1,1,1.0
71,1,209.52,256.64,92.97999999999999,38.78000000000003,1,1,1.0
71,4,837.95,230.16,122.04999999999995,82.72,1,1,1.0
72,1,209.52,256.63,92.97999999999999,38.76999999999998,1,1,1.0
72,4,831.13,230.54,128.87,83.95000000000002,1,1,1.0
73,1,209.52,256.61,92.97999999999999,38.77999999999997,1,1,1.0
73,4,824.31,230.93,135.69000000000005,85.15999999999997,1,1,1.0
74,1,209.52,256.6,92.97999999999999,38.77999999999997,1,1,1.0
74,4,817.49,231.31,142.51,86.38,1,1,1.0
75,1,209.52,256.58,92.97999999999999,38.78000000000003,1,1,1.0
75,4,810.67,231.7,149.33000000000004,87.59000000000003,1,1,1.0
76,1,209.52,256.57,92.97999999999999,38.78000000000003,1,1,1.0
76,4,803.21,232.65,156.78999999999996,88.62999999999997,1,1,1.0
77,1,209.52,256.56,92.97999999999999,38.76999999999998,1,1,1.0
77,4,795.75,233.6,164.25,89.66,1,1,1.0
78,1,209.52,256.54,92.97999999999999,38.77999999999997,1,1,1.0
78,4,788.29,234.55,168.06000000000006,90.69,1,1,1.0
79,1,209.52,256.53,92.97999999999999,38.78000000000003,1,1,1.0
79,4,780.83,235.5,171.87,91.73000000000002,1,1,1.0
80,1,209.52,256.51,92.97999999999999,38.78000000000003,1,1,1.0
80,4,773.37,236.64,173.63,92.57,1,1,1.0
81,1,209.52,256.5,92.97999999999999,38.77999999999997,1,1,1.0
81,4,765.91,237.78,175.39,93.41999999999999,1,1,1.0
82,1,209.52,256.49,92.97999999999999,38.76999999999998,1,1,1.0
82,4,758.45,238.92,177.14999999999998,94.26000000000002,1,1,1.0
83,1,209.52,256.47,92.97999999999999,38.77999999999997,1,1,1.0
83,4,750.99,240.06,178.90999999999997,95.11000000000001,1,1,1.0
84,1,209.52,256.46,92.97999999999999,38.78000000000003,1,1,1.0
84,4,743.53,241.2,180.67000000000007,95.94999999999999,1,1,1.0
84,5,719.9,262.53,28.540000000000077,28.970000000000027,1,1,1.0
85,1,209.52,256.44,92.97999999999999,38.78000000000003,1,1,1.0
85,4,731.75,241.78,185.90999999999997,97.69000000000003,1,1,1.0
85,5,708.14,263.02,32.120000000000005,29.390000000000043,1,1,1.0
86,1,209.52,256.43,92.97,38.77999999999997,1,1,1.0
86,4,719.96,242.35,191.16999999999996,99.44000000000003,1,1,1.0
86,5,696.38,263.5,35.710000000000036,29.829999999999984,1,1,1.0
87,1,209.52,256.42,92.97,38.76999999999998,1,1,1.0
87,4,708.18,242.93,196.41000000000008,101.17000000000002,1,1,1.0
87,5,684.62,263.99,39.289999999999964,30.25,1,1,1.0
88,1,209.52,256.4,92.97,38.78000000000003,1,1,1.0
88,4,696.39,243.5,201.65999999999997,102.92000000000002,1,1,1.0
88,5,672.86,264.48,42.879999999999995,30.66999999999996,1,1,1.0
89,1,209.52,256.39,92.97,38.78000000000003,1,1,1.0
89,4,685.88,244.55,205.25,104.30000000000001,1,1,1.0
89,5,661.1,264.97,46.47000000000003,31.089999999999975,1,1,1.0
90,1,209.52,256.37,92.97,38.77999999999997,1,1,1.0
90,4,675.36,245.6,208.84000000000003,105.67999999999998,1,1,1.0
90,5,649.34,265.46,50.049999999999955,31.52000000000004,1,1,1.0
91,1,209.51,256.36,92.98000000000002,38.77999999999997,1,1,1.0
91,4,664.85,246.65,212.42999999999995,107.05999999999997,1,1,1.0
91,5,637.58,265.94,53.639999999999986,31.94999999999999,1,1,1.0
92,1,209.51,256.35,92.98000000000002,38.76999999999998,1,1,1.0
92,4,654.33,247.7,216.01999999999998,108.44,1,1,1.0
92,5,625.82,266.43,57.219999999999914,32.370000000000005,1,1,1.0
93,1,209.51,256.33,92.98000000000002,38.78000000000003,1,1,1.0
93,4,643.82,248.75,219.6099999999999,109.82,1,1,1.0
93,5,614.06,266.92,60.81000000000006,32.80000000000001,1,1,1.0
94,1,209.51,256.32,92.98000000000002,38.78000000000003,1,1,1.0
94,4,633.3,249.8,223.20000000000005,111.19999999999999,1,1,1.0
94,5,602.31,267.41,64.3900000000001,33.21999999999997,1,1,1.0
95,1,209.51,256.3,92.98000000000002,38.77999999999997,1,1,1.0
95,4,620.42,251.1,227.99,113.22999999999999,1,1,1.0
95,5,590.55,267.9,67.97000000000003,33.64000000000004,1,1,1.0
96,1,209.51,256.29,92.98000000000002,38.77999999999997,1,1,1.0
96,4,607.54,252.41,232.79000000000008,115.23999999999998,1,1,1.0
96,5,577.61,268.38,71.55999999999995,34.06999999999999,1,1,1.0
97,1,209.51,256.28,92.98000000000002,38.77000000000004,1,1,1.0
97,4,594.65,253.71,237.59000000000003,117.27000000000001,1,1,1.0
97,5,564.67,268.87,75.15000000000009,34.5,1,1,1.0
98,1,209.51,256.26,92.98000000000002,38.78000000000003,1,1,1.0
98,4,581.77,255.02,242.39,119.28999999999999,1,1,1.0
98,5,551.73,269.36,78.73000000000002,34.91999999999996,1,1,1.0
99,1,209.51,256.25,92.98000000000002,38.77999999999997,1,1,1.0
99,4,568.89,256.32,247.18000000000006,121.32,1,1,1.0
99,5,538.79,269.85,82.32000000000005,35.339999999999975,1,1,1.0
100,1,209.51,256.23,92.98000000000002,38.77999999999997,1,1,1.0
100,4,556.01,257.62,251.98000000000002,123.33999999999997,1,1,1.0
100,5,525.85,270.34,85.90999999999997,35.77000000000004,1,1,1.0
101,1,209.51,256.22,92.98000000000002,38.77999999999997,1,1,1.0
101,4,543.13,258.93,256.77,125.36000000000001,1,1,1.0
101,5,512.92,270.82,89.49000000000001,36.19999999999999,1,1,1.0
102,1,209.51,256.21,92.98000000000002,38.77000000000004,1,1,1.0
102,4,530.25,260.23,261.57000000000005,127.38999999999999,1,1,1.0
102,5,499.98,271.31,93.06999999999994,36.620000000000005,1,1,1.0
103,1,209.51,256.19,92.98000000000002,38.78000000000003,1,1,1.0
103,4,517.36,261.53,266.37,129.42000000000002,1,1,1.0
103,5,487.04,271.8,96.66000000000003,37.039999999999964,1,1,1.0
104,1,209.51,256.18,92.98000000000002,38.77999999999997,1,1,1.0
104,4,504.48,262.84,271.16999999999996,131.43,1,1,1.0
104,5,472.58,272.14,97.68,37.379999999999995,1,1,1.0
105,1,209.51,256.16,92.98000000000002,38.77999999999997,1,1,1.0
105,4,491.6,264.14,275.9599999999999,133.46000000000004,1,1,1.0
105,5,458.12,272.49,98.71000000000004,37.70999999999998,1,1,1.0
106,1,209.51,256.15,92.98000000000002,38.78000000000003,1,1,1.0
106,4,474.92,265.72,283.07,136.22999999999996,1,1,1.0
106,5,443.66,272.83,99.72999999999996,38.04000000000002,1,1,1.0
107,1,209.51,256.14,92.98000000000002,38.77000000000004,1,1,1.0
107,4,458.24,267.31,290.17999999999995,138.99,1,1,1.0
107,5,429.21,273.18,100.75000000000006,38.370000000000005,1,1,1.0
108,1,209.51,256.12,92.98000000000002,38.77999999999997,1,1,1.0
108,4,441.55,268.89,297.3,141.76,1,1,1.0
108,5,414.75,273.52,101.76999999999998,38.710000000000036,1,1,1.0
108,6,654.94,255.9,84.14999999999998,15.409999999999997,1,1,1.0
108,7,936.47,215.72,23.529999999999973,52.07000000000002,1,1,1.0
109,1,209.51,256.11,92.98000000000002,38.77999999999997,1,1,1.0
109,4,424.87,270.47,304.40999999999997,144.52999999999997,1,1,1.0
109,5,400.29,273.87,102.79999999999995,39.02999999999997,1,1,1.0
109,6,640.27,256.64,85.97000000000003,16.810000000000002,1,1,1.0
109,7,931.34,215.84,28.659999999999968,52.619999999999976,1,1,1.0
110,1,209.51,256.09,92.98000000000002,38.78000000000003,1,1,1.0
110,4,408.19,272.05,311.52000000000004,147.3,1,1,1.0
110,5,385.83,274.21,103.82,39.370000000000005,1,1,1.0
110,6,625.59,257.38,87.79999999999995,18.19999999999999,1,1,1.0
110,7,926.2,215.96,33.799999999999955,53.16999999999999,1,1,1.0
111,1,209.51,256.08,92.98000000000002,38.78000000000003,1,1,1.0
111,4,391.51,273.64,318.63,150.06,1,1,1.0
111,5,371.25,275.15,104.85000000000002,39.700000000000045,1,1,1.0
111,6,610.91,258.12,89.62,19.589999999999975,1,1,1.0
111,7,921.06,216.08,38.940000000000055,53.72,1,1,1.0
112,1,209.51,256.07,92.97000000000003,38.76999999999998,1,1,1.0
112,4,374.83,275.22,325.74000000000007,152.82999999999998,1,1,1.0
112,5,356.67,276.08,105.87,40.04000000000002,1,1,1.0
112,6,596.24,258.86,91.43999999999994,20.99000000000001,1,1,1.0
112,7,915.92,216.19,44.08000000000004,54.28000000000003,1,1,1.0
113,1,209.51,256.05,92.97000000000003,38.77999999999997,1,1,1.0
113,4,358.15,276.8,332.85,155.59999999999997,1,1,1.0
113,5,342.09,277.02,106.90000000000003,40.360000000000014,1,1,1.0
113,6,581.56,259.61,93.2600000000001,22.370000000000005,1,1,1.0
113,7,910.79,216.31,49.210000000000036,54.829999999999984,1,1,1.0
114,1,209.51,256.04,92.97000000000003,38.77999999999997,1,1,1.0
114,4,340.42,278.2,337.58,159.0,1,1,1.0
114,5,327.52,277.95,107.91000000000003,40.69999999999999,1,1,1.0
114,6,566.88,260.35,95.09000000000003,23.75999999999999,1,1,1.0
114,7,905.65,216.43,54.35000000000002,55.389999999999986,1,1,1.0
115,1,209.51,256.08,92.97000000000003,38.77000000000004,1,1,1.0
115,4,322.7,279.6,342.3,162.39999999999998,1,1,1.0
115,5,312.94,278.89,108.94,41.03000000000003,1,1,1.0
115,6,552.21,261.09,96.90999999999997,25.150000000000034,1,1,1.0
115,7,900.51,216.55,59.49000000000001,55.94,1,1,1.0
116,1,209.51,256.11,92.97000000000003,38.77999999999997,1,1,1.0
116,4,300.04,281.91,352.87999999999994,166.33999999999997,1,1,1.0
116,5,297.26,279.82,109.96000000000004,41.370000000000005,1,1,1.0
116,6,537.53,261.83,98.73000000000002,26.55000000000001,1,1,1.0
116,7,895.37,216.66,64.63,56.50000000000003,1,1,1.0
117,1,209.5,256.15,92.98000000000002,38.78000000000003,1,1,1.0
117,4,277.38,284.22,363.46000000000004,170.28999999999996,1,1,1.0
117,5,281.58,280.76,110.98000000000002,41.69999999999999,1,1,1.0
117,6,522.85,262.57,100.55999999999995,27.939999999999998,1,1,1.0
117,7,890.24,216.78,69.75999999999999,57.04999999999998,1,1,1.0
118,1,209.5,256.19,92.98000000000002,38.78000000000003,1,1,1.0
118,4,254.72,286.53,374.03999999999996,174.23000000000002,1,1,1.0
118,5,265.9,281.69,112.01000000000005,42.03000000000003,1,1,1.0
118,6,508.17,263.31,102.37999999999994,29.329999999999984,1,1,1.0
118,7,885.1,216.9,74.89999999999998,57.599999999999994,1,1,1.0
119,1,209.5,256.23,92.98000000000002,38.76999999999998,1,1,1.0
119,4,232.07,288.84,384.60999999999996,178.17000000000002,1,1,1.0
119,5,250.22,282.63,113.03,42.360000000000014,1,1,1.0
119,6,493.5,264.06,104.20000000000005,30.70999999999998,1,1,1.0
119,7,882.98,217.3,75.94999999999993,57.93000000000001,1,1,1.0
120,1,209.5,256.26,92.98000000000002,38.78000000000003,1,1,1.0
120,4,209.41,291.15,395.19000000000005,182.11,1,1,1.0
120,5,234.54,283.56,114.04999999999998,42.69999999999999,1,1,1.0
120,6,478.82,264.8,105.27000000000004,32.110000000000014,1,1,1.0
120,7,876.98,217.61,77.0,58.25999999999999,1,1,1.0
121,1,209.5,256.3,92.98000000000002,38.77999999999997,1,1,1.0
121,4,186.75,293.46,405.77,186.06,1,1,1.0
121,5,218.86,284.5,115.07999999999998,43.02999999999997,1,1,1.0
121,6,464.14,265.54,106.34000000000003,33.5,1,1,1.0
121,7,870.97,217.91,78.04999999999995,58.59,1,1,1.0
122,1,209.5,256.34,92.98000000000002,38.78000000000003,1,1,1.0
122,4,164.09,295.77,416.35,190.0,1,1,1.0
122,5,203.18,285.43,116.09999999999997,43.360000000000014,1,1,1.0
122,6,449.47,266.28,107.40999999999997,34.89000000000004,1,1,1.0
122,7,864.97,218.21,79.10000000000002,58.91999999999999,1,1,1.0
123,1,209.5,256.38,92.98000000000002,38.78000000000003,1,1,1.0
123,4,141.43,298.08,426.93,193.94,1,1,1.0
123,5,185.68,286.91,117.13,43.69,1,1,1.0
123,6,434.79,267.02,108.47999999999996,36.29000000000002,1,1,1.0
123,7,858.97,218.52,80.14999999999998,59.24999999999997,1,1,1.0
124,1,209.5,256.42,92.98000000000002,38.76999999999998,1,1,1.0
124,4,118.77,300.39,437.51,197.88,1,1,1.0
124,5,168.19,288.38,118.14999999999998,44.01999999999998,1,1,1.0
124,6,420.11,267.77,109.54999999999995,37.670000000000016,1,1,1.0
124,7,852.96,218.82,81.19999999999993,59.579999999999984,1,1,1.0
125,1,209.5,256.45,92.98000000000002,38.78000000000003,1,1,1.0
125,4,96.12,302.7,448.08000000000004,201.82999999999998,1,1,1.0
125,5,150.69,289.85,119.17000000000002,44.349999999999966,1,1,1.0
125,6,405.44,268.51,110.60999999999996,39.06,1,1,1.0
125,7,846.96,219.12,82.25,59.90999999999997,1,1,1.0
126,1,209.5,256.49,92.98000000000002,38.77999999999997,1,1,1.0
126,4,68.01,305.37,460.36,207.39,1,1,1.0
126,5,133.19,291.32,120.19999999999999,44.69,1,1,1.0
126,6,390.76,269.25,111.69,40.44999999999999,1,1,1.0
126,7,840.96,219.43,83.29999999999995,60.24000000000001,1,1,1.0
127,1,209.5,256.53,92.98000000000002,38.78000000000003,1,1,1.0
127,4,39.9,308.04,472.64,212.95999999999998,1,1,1.0
127,5,115.7,292.79,121.21999999999998,45.01999999999998,1,1,1.0
127,6,376.08,269.99,112.75999999999999,41.849999999999966,1,1,1.0
127,7,834.95,219.73,84.34999999999991,60.57000000000002,1,1,1.0
128,1,209.5,256.57,92.98000000000002,38.76999999999998,1,1,1.0
128,4,10.7,310.71,486.01,216.69,1,1,1.0
128,5,98.2,294.26,122.24999999999999,45.35000000000002,1,1,1.0
128,6,361.41,270.73,113.82,43.24000000000001,1,1,1.0
128,7,828.95,220.03,85.39999999999998,60.900000000000006,1,1,1.0
129,1,209.5,256.6,92.98000000000002,38.77999999999997,1,1,1.0
129,4,0.0,313.39,480.89,220.40999999999997,1,1,1.0
129,5,80.71,295.73,123.26,45.69,1,1,1.0
129,6,346.73,271.47,114.88999999999999,44.629999999999995,1,1,1.0
129,7,822.95,220.34,86.44999999999993,61.22999999999999,1,1,1.0
130,1,209.5,256.64,92.98000000000002,38.78000000000003,1,1,1.0
130,4,0.0,316.06,465.06,219.81,1,1,1.0
130,5,63.21,297.2,124.28999999999999,46.02000000000004,1,1,1.0
130,6,332.05,272.22,115.96999999999997,46.00999999999999,1,1,1.0
130,7,816.94,220.64,87.5,61.56,1,1,1.0
131,1,209.5,256.68,92.98000000000002,38.77999999999997,1,1,1.0
131,4,0.0,318.73,449.23,219.19999999999993,1,1,1.0
131,5,43.32,299.47,126.85,46.11999999999995,1,1,1.0
131,6,317.38,272.96,117.03000000000003,47.410000000000025,1,1,1.0
131,7,810.94,220.94,88.54999999999995,61.889999999999986,1,1,1.0
132,1,209.5,256.72,92.98000000000002,38.77999999999997,1,1,1.0
132,4,0.0,321.4,433.4,218.60000000000002,1,1,1.0
132,5,23.43,301.73,129.4,46.22999999999996,1,1,1.0
132,6,302.7,273.7,118.10000000000002,48.80000000000001,1,1,1.0
132,7,804.94,221.25,89.59999999999991,62.22000000000003,1,1,1.0
133,1,209.5,256.76,92.98000000000002,38.76999999999998,1,1,1.0
133,4,0.0,324.72,416.1,215.27999999999997,1,1,1.0
133,5,3.53,304.0,131.97,46.329999999999984,1,1,1.0
133,6,286.4,274.72,119.43,49.099999999999966,1,1,1.0
133,7,797.51,221.7,90.64999999999998,62.55000000000001,1,1,1.0
134,1,209.5,256.79,92.98000000000002,38.77999999999997,1,1,1.0
134,4,0.0,328.05,398.8,211.95,1,1,1.0
134,5,0.0,305.6,117.12,45.039999999999964,1,1,1.0
134,6,270.1,275.75,120.75999999999999,49.379999999999995,1,1,1.0
134,7,790.09,222.15,91.69999999999993,62.87999999999997,1,1,1.0
135,1,209.5,256.83,92.98000000000002,38.78000000000003,1,1,1.0
135,4,0.0,331.37,381.5,208.63,1,1,1.0
135,5,0.0,307.2,98.74,43.75,1,1,1.0
135,6,253.8,276.77,122.08999999999997,49.68000000000001,1,1,1.0
135,7,782.66,222.6,92.75,63.21000000000001,1,1,1.0
136,1,209.5,256.87,92.98000000000002,38.77999999999997,1,1,1.0
136,4,0.0,334.69,364.2,205.31,1,1,1.0
136,5,0.0,308.8,80.36,42.46999999999997,1,1,1.0
136,6,237.5,277.79,123.41000000000003,49.96999999999997,1,1,1.0
136,7,775.24,223.05,93.79999999999995,63.539999999999964,1,1,1.0
137,1,209.5,256.91,92.97000000000003,38.76999999999998,1,1,1.0
137,4,0.0,338.02,344.3,201.98000000000002,1,1,1.0
137,5,0.0,310.4,61.99,41.18000000000001,1,1,1.0
137,6,221.2,278.82,124.74000000000001,50.25999999999999,1,1,1.0
137,7,767.81,223.51,94.85000000000002,63.870000000000005,1,1,1.0
138,1,209.5,256.94,92.97000000000003,38.78000000000003,1,1,1.0
138,4,0.0,341.34,324.41,198.66000000000003,1,1,1.0
138,5,0.0,312.0,43.61,39.889999999999986,1,1,1.0
138,6,204.9,279.84,126.07000000000002,50.55000000000001,1,1,1.0
138,7,760.39,223.96,95.89999999999998,64.20000000000002,1,1,1.0
139,1,209.5,256.98,92.97000000000003,38.77999999999997,1,1,1.0
139,4,0.0,344.66,304.51,195.33999999999997,1,1,1.0
139,5,0.0,312.0,43.61,39.889999999999986,1,1,1.0
139,6,188.6,280.87,127.4,50.839999999999975,1,1,1.0
139,7,752.96,224.41,96.94999999999993,64.53,1,1,1.0
140,1,209.5,257.02,92.97000000000003,38.78000000000003,1,1,1.0
140,4,0.0,347.98,284.61,192.01999999999998,1,1,1.0
140,6,171.6,281.89,128.67999999999998,51.77000000000004,1,1,1.0
140,7,745.53,224.86,98.0,64.86000000000001,1,1,1.0
141,1,209.49,257.06,92.98000000000002,38.76999999999998,1,1,1.0
141,4,0.0,351.31,264.72,188.69,1,1,1.0
141,6,154.6,282.91,129.95000000000002,52.69,1,1,1.0
141,7,738.11,225.31,99.04999999999995,65.19,1,1,1.0
141,8,735.97,488.91,137.30999999999995,51.089999999999975,1,1,1.0
142,1,209.49,257.09,92.98000000000002,38.78000000000003,1,1,1.0
142,4,0.0,354.63,244.82,185.37,1,1,1.0
142,6,137.6,283.94,131.23,53.610000000000014,1,1,1.0
142,7,730.68,225.77,100.10000000000002,65.52000000000001,1,1,1.0
142,8,746.08,483.56,134.18999999999994,56.44,1,1,1.0
143,1,209.49,257.13,92.98000000000002,38.78000000000003,1,1,1.0
143,4,0.0,358.87,221.7,181.13,1,1,1.0
143,6,120.6,284.96,132.5,54.54000000000002,1,1,1.0
143,7,723.26,226.22,101.14999999999998,65.85,1,1,1.0
143,8,756.18,478.21,131.07000000000005,61.79000000000002,1,1,1.0
144,1,209.49,257.17,92.98000000000002,38.77999999999997,1,1,1.0
144,4,0.0,363.11,198.59,176.89,1,1,1.0
144,6,102.87,285.99,133.04,54.56999999999999,1,1,1.0
144,7,715.83,226.67,102.19999999999993,66.18000000000004,1,1,1.0
144,8,766.29,472.86,127.95000000000005,67.13999999999999,1,1,1.0
145,1,209.49,257.21,92.98000000000002,38.78000000000003,1,1,1.0
145,4,0.0,367.35,175.47,172.64999999999998,1,1,1.0
145,6,85.13,287.01,133.59,54.620000000000005,1,1,1.0
145,7,708.41,227.12,103.25,66.50999999999999,1,1,1.0
145,8,776.39,467.51,124.84000000000003,72.49000000000001,1,1,1.0
146,1,209.49,257.25,92.98000000000002,38.76999999999998,1,1,1.0
146,4,0.0,371.58,152.35,168.42000000000002,1,1,1.0
146,6,67.4,288.03,134.13,54.660000000000025,1,1,1.0
146,7,699.46,227.58,104.29999999999995,66.84,1,1,1.0
146,8,786.5,462.16,121.71000000000004,77.83999999999997,1,1,1.0
147,1,209.49,257.28,92.98000000000002,38.78000000000003,1,1,1.0
147,4,0.0,376.72,126.41,163.27999999999997,1,1,1.0
147,6,48.47,289.06,136.62,55.96999999999997,1,1,1.0
147,7,690.51,228.03,105.35000000000002,67.16999999999999,1,1,1.0
147,8,796.6,456.81,118.60000000000002,83.19,1,1,1.0
148,1,209.49,257.32,92.98000000000002,38.78000000000003,1,1,1.0
148,4,0.0,381.86,100.46,158.14,1,1,1.0
148,6,29.53,290.08,139.10999999999999,57.28000000000003,1,1,1.0
148,7,681.57,228.48,106.39999999999998,67.50000000000003,1,1,1.0
148,8,804.28,452.9,117.67000000000007,82.23000000000002,1,1,1.0
149,1,209.49,257.36,92.98000000000002,38.77999999999997,1,1,1.0
149,4,0.0,387.0,74.52,153.0,1,1,1.0
149,6,10.6,291.1,141.6,58.599999999999966,1,1,1.0
149,7,672.62,228.93,107.45000000000005,67.82999999999998,1,1,1.0
149,8,811.96,448.99,116.74000000000001,81.26999999999998,1,1,1.0
150,1,209.49,257.4,92.98000000000002,38.77000000000004,1,1,1.0
150,6,0.0,292.13,136.4,60.26999999999998,1,1,1.0
150,7,663.67,229.38,108.5,68.16000000000003,1,1,1.0
150,8,819.64,445.08,115.81000000000006,80.31,1,1,1.0
151,1,209.49,257.43,92.98000000000002,38.77999999999997,1,1,1.0
151,6,0.0,293.15,118.0,58.49000000000001,1,1,1.0
151,7,654.73,229.84,109.54999999999995,68.48999999999998,1,1,1.0
151,8,827.33,441.18,114.87,79.33999999999997,1,1,1.0
152,1,209.49,257.47,92.98000000000002,38.77999999999997,1,1,1.0
152,6,0.0,294.18,99.6,56.70999999999998,1,1,1.0
152,7,645.78,230.29,110.60000000000002,68.82000000000002,1,1,1.0
152,8,836.2,436.38,111.92999999999995,78.38,1,1,1.0
153,1,209.49,257.51,92.98000000000002,38.78000000000003,1,1,1.0
153,6,0.0,295.2,81.2,54.93000000000001,1,1,1.0
153,7,636.83,230.74,111.64999999999998,69.14999999999998,1,1,1.0
153,8,845.07,431.58,109.0,77.42000000000002,1,1,1.0
154,1,209.49,257.55,92.98000000000002,38.77999999999997,1,1,1.0
154,6,0.0,296.73,64.41,54.93000000000001,1,1,1.0
154,7,627.89,231.19,112.70000000000005,69.48000000000002,1,1,1.0
154,8,853.94,426.78,106.05999999999995,76.46000000000004,1,1,1.0
155,1,209.49,257.59,92.98000000000002,38.77000000000004,1,1,1.0
155,6,0.0,298.25,47.61,54.93000000000001,1,1,1.0
155,7,618.94,231.64,113.75,69.81,1,1,1.0
155,8,859.84,424.21,100.15999999999997,75.5,1,1,1.0
156,1,209.49,257.62,92.98000000000002,38.77999999999997,1,1,1.0
156,6,0.0,302.42,27.9,54.93000000000001,1,1,1.0
156,7,609.99,232.1,114.79999999999995,70.14000000000001,1,1,1.0
156,8,865.73,421.63,94.26999999999998,74.54000000000002,1,1,1.0
157,1,209.49,257.66,92.98000000000002,38.77999999999997,1,1,1.0
157,7,601.05,232.55,115.85000000000002,70.46999999999997,1,1,1.0
157,8,873.42,417.73,86.58000000000004,73.57,1,1,1.0
158,1,209.49,257.7,92.98000000000002,38.78000000000003,1,1,1.0
158,7,592.1,233.0,116.89999999999998,70.80000000000001,1,1,1.0
158,8,881.1,413.82,78.89999999999998,72.62,1,1,1.0
159,1,209.49,257.74,92.98000000000002,38.76999999999998,1,1,1.0
159,7,581.59,233.32,117.81999999999994,71.20999999999998,1,1,1.0
159,8,888.78,409.91,71.22000000000003,71.65999999999997,1,1,1.0
160,1,209.49,257.77,92.98000000000002,38.78000000000003,1,1,1.0
160,7,571.07,233.64,118.7399999999999,71.61000000000001,1,1,1.0
160,8,896.46,406.0,63.539999999999964,70.69999999999999,1,1,1.0
161,1,209.49,257.81,92.98000000000002,38.77999999999997,1,1,1.0
161,7,560.56,233.97,119.66000000000008,72.01000000000002,1,1,1.0
161,8,902.17,403.15,57.83000000000004,70.69,1,1,1.0
162,1,209.49,257.85,92.96999999999997,38.77999999999997,1,1,1.0
162,7,550.05,234.29,120.58000000000004,72.41999999999999,1,1,1.0
162,8,907.87,400.29,52.129999999999995,70.69999999999999,1,1,1.0
163,1,209.49,257.89,92.96999999999997,38.78000000000003,1,1,1.0
163,7,539.54,234.61,121.49000000000001,72.82,1,1,1.0
163,8,913.58,397.44,46.41999999999996,70.69999999999999,1,1,1.0
164,1,209.49,257.93,92.96999999999997,38.76999999999998,1,1,1.0
164,7,529.02,234.93,122.42000000000007,73.23000000000002,1,1,1.0
164,8,919.29,394.59,40.710000000000036,70.69,1,1,1.0
165,1,209.49,257.96,92.96999999999997,38.78000000000003,1,1,1.0
165,7,517.45,235.34,123.33999999999992,73.63000000000002,1,1,1.0
165,8,924.99,391.73,35.00999999999999,70.69999999999999,1,1,1.0
166,1,209.48,258.0,92.97999999999999,38.77999999999997,1,1,1.0
166,7,505.88,235.75,124.25999999999999,74.04000000000002,1,1,1.0
166,8,930.34,388.46,29.659999999999968,70.70000000000005,1,1,1.0
167,1,209.48,258.04,92.97999999999999,38.77999999999997,1,1,1.0
167,7,494.31,236.16,125.18,74.44000000000003,1,1,1.0
167,8,935.69,385.19,24.309999999999945,70.69999999999999,1,1,1.0
168,1,209.48,258.08,92.97999999999999,38.77000000000004,1,1,1.0
168,7,482.74,236.57,126.09000000000003,74.85000000000002,1,1,1.0
168,8,941.04,381.93,18.960000000000036,70.69,1,1,1.0
169,1,209.48,258.11,92.97999999999999,38.77999999999997,1,1,1.0
169,7,471.17,236.98,127.00999999999993,75.25000000000003,1,1,1.0
170,1,209.48,258.15,92.97999999999999,38.78000000000003,1,1,1.0
170,7,459.6,237.39,127.92999999999995,75.66000000000003,1,1,1.0
171,1,209.48,258.19,92.97999999999999,38.78000000000003,1,1,1.0
171,7,448.03,237.8,128.85000000000002,76.06,1,1,1.0
172,1,209.48,258.23,92.97999999999999,38.76999999999998,1,1,1.0
172,7,436.46,238.21,129.77000000000004,76.47,1,1,1.0
173,1,209.48,258.27,92.97999999999999,38.77000000000004,1,1,1.0
173,7,424.89,238.62,130.69000000000005,76.87,1,1,1.0
174,1,209.48,258.3,92.97999999999999,38.77999999999997,1,1,1.0
174,7,413.31,239.03,131.61999999999995,77.28,1,1,1.0
175,1,209.48,258.34,92.97999999999999,38.78000000000003,1,1,1.0
175,7,401.74,239.45,132.52999999999997,77.67000000000002,1,1,1.0
176,1,209.48,258.38,92.97999999999999,38.78000000000003,1,1,1.0
176,7,390.17,239.86,133.45,78.07999999999998,1,1,1.0
177,1,209.48,258.42,92.97999999999999,38.76999999999998,1,1,1.0
177,7,378.6,240.27,134.37,78.47999999999999,1,1,1.0
178,1,209.48,258.37,92.97999999999999,38.76999999999998,1,1,1.0
178,7,367.03,240.68,135.29000000000002,78.88999999999999,1,1,1.0
179,1,209.48,258.31,92.97999999999999,38.77999999999997,1,1,1.0
179,7,355.46,241.09,136.21000000000004,79.28999999999999,1,1,1.0
180,1,209.48,258.26,92.97999999999999,38.78000000000003,1,1,1.0
180,7,343.89,241.5,137.13,79.69999999999999,1,1,1.0
181,1,209.48,258.21,92.97999999999999,38.78000000000003,1,1,1.0
181,7,332.32,241.91,138.04000000000002,80.1,1,1,1.0
182,1,209.48,258.16,92.97999999999999,38.77999999999997,1,1,1.0
182,7,320.75,242.32,138.95999999999998,80.50999999999999,1,1,1.0
183,1,209.48,258.11,92.97999999999999,38.77999999999997,1,1,1.0
183,7,309.17,242.73,139.89,80.91,1,1,1.0
184,1,209.48,258.06,92.97999999999999,38.77999999999997,1,1,1.0
184,7,297.6,243.14,140.81,81.32,1,1,1.0
185,1,209.48,258.01,92.97999999999999,38.78000000000003,1,1,1.0
185,7,286.03,243.55,141.73000000000002,81.71999999999997,1,1,1.0
186,1,209.48,257.96,92.97999999999999,38.78000000000003,1,1,1.0
186,7,274.46,243.96,142.65000000000003,82.12999999999997,1,1,1.0
187,1,209.48,257.91,92.97999999999999,38.77999999999997,1,1,1.0
187,7,262.89,244.37,143.56,82.52999999999997,1,1,1.0
188,1,209.48,257.86,92.97999999999999,38.76999999999998,1,1,1.0
188,7,251.32,244.78,144.48000000000002,82.94000000000003,1,1,1.0
189,1,209.48,257.81,92.97999999999999,38.76999999999998,1,1,1.0
189,7,239.75,245.19,145.39999999999998,83.33999999999997,1,1,1.0
190,1,209.48,257.75,92.97999999999999,38.77999999999997,1,1,1.0
190,7,228.18,245.6,146.32,83.75000000000003,1,1,1.0
