1,1,56.11,61.84,118.08999999999999,60.06999999999999,1,1,1.0
1,2,97.4,0.0,220.80999999999997,62.12,1,1,1.0
1,3,314.95,0.0,395.19,111.91,1,1,1.0
2,1,38.25,58.2,115.02000000000001,58.81999999999999,1,1,1.0
2,2,97.4,0.0,220.80999999999997,62.04,1,1,1.0
2,3,314.88,0.0,395.1,111.81,1,1,1.0
3,1,20.39,54.55,111.94000000000001,57.57000000000001,1,1,1.0
3,2,97.4,0.0,220.80999999999997,61.96,1,1,1.0
3,3,314.82,0.0,394.98999999999995,111.7,1,1,1.0
4,1,2.53,50.9,108.87,56.330000000000005,1,1,1.0
4,2,97.4,0.0,220.80999999999997,61.88,1,1,1.0
4,3,314.75,0.0,394.9,111.59,1,1,1.0
5,1,1.69,48.5,92.08,54.75,1,1,1.0
5,2,97.4,0.0,220.80999999999997,61.8,1,1,1.0
5,3,314.69,0.0,394.8,111.48,1,1,1.0
6,1,0.84,46.1,75.3,53.169999999999995,1,1,1.0
6,2,97.4,0.0,220.80999999999997,61.72,1,1,1.0
6,3,314.62,0.0,394.70000000000005,111.38,1,1,1.0
7,1,0.0,43.7,58.5,51.59,1,1,1.0
7,2,97.4,0.0,220.80999999999997,61.64,1,1,1.0
7,3,314.56,0.0,394.59999999999997,111.27,1,1,1.0
8,1,0.0,43.47,43.83,46.82000000000001,1,1,1.0
8,2,97.4,0.0,220.80999999999997,61.56,1,1,1.0
8,3,314.49,0.0,394.51,111.16,1,1,1.0
9,1,0.0,43.23,29.15,42.07,1,1,1.0
9,2,97.4,0.0,220.80999999999997,61.48,1,1,1.0
9,3,314.43,0.0,394.40000000000003,111.06,1,1,1.0
10,1,0.0,43.0,14.48,37.3,1,1,1.0
10,2,97.4,0.0,220.80999999999997,61.4,1,1,1.0
10,3,314.36,0.0,394.30999999999995,110.95,1,1,1.0
11,2,97.4,0.0,220.80999999999997,61.32,1,1,1.0
11,3,314.3,0.0,394.21,110.84,1,1,1.0
12,2,97.4,0.0,220.80999999999997,61.24,1,1,1.0
12,3,314.23,0.0,394.11,110.74,1,1,1.0
12,4,823.72,169.94,136.27999999999997,91.88999999999999,1,1,1.0
13,2,97.4,0.0,220.80999999999997,61.16,1,1,1.0
13,3,314.17,0.0,394.00999999999993,110.63,1,1,1.0
13,4,781.2,160.4,178.79999999999995,101.79999999999998,1,1,1.0
14,2,97.4,0.0,220.80999999999997,61.08,1,1,1.0
14,3,314.1,0.0,393.91999999999996,110.52,1,1,1.0
14,4,742.67,152.82,217.33000000000004,109.18,1,1,1.0
15,2,97.4,0.0,220.80999999999997,61.0,1,1,1.0
15,3,314.04,0.0,393.81,110.41,1,1,1.0
15,4,704.13,145.23,255.87,116.57000000000002,1,1,1.0
16,2,97.4,0.0,220.80999999999997,60.92,1,1,1.0
16,3,313.97,0.0,393.72,110.31,1,1,1.0
16,4,665.6,137.65,265.29999999999995,110.44999999999999,1,1,1.0
17,2,97.4,0.0,220.80999999999997,60.84,1,1,1.0
17,3,313.91,0.0,393.61999999999995,110.2,1,1,1.0
17,4,627.07,130.07,258.0899999999999,108.39000000000001,1,1,1.0
17,5,0.0,164.78,72.32,105.72,1,1,1.0
18,2,97.4,0.0,220.80999999999997,60.76,1,1,1.0
18,3,313.84,0.0,393.52000000000004,110.09,1,1,1.0
18,4,588.53,122.48,250.89,106.33999999999999,1,1,1.0
18,5,0.0,170.79,96.42,112.23999999999998,1,1,1.0
19,2,97.4,0.0,220.80999999999997,60.68,1,1,1.0
19,3,313.78,0.0,393.4200000000001,109.99,1,1,1.0
19,4,550.0,114.9,243.67999999999995,104.28,1,1,1.0
19,5,0.0,176.81,120.51,118.74000000000001,1,1,1.0
20,2,97.4,0.0,220.80999999999997,60.6,1,1,1.0
20,3,313.71,0.0,393.33,109.88,1,1,1.0
20,4,515.85,106.29,238.25,104.51,1,1,1.0
20,5,0.0,182.83,144.61,125.24999999999997,1,1,1.0
21,2,97.4,0.0,220.80999999999997,60.52,1,1,1.0
21,3,313.65,0.0,393.22,109.77,1,1,1.0
21,4,487.84,102.79,229.53000000000003,99.93999999999998,1,1,1.0
21,5,0.0,188.85,168.7,131.75000000000003,1,1,1.0
22,2,97.4,0.0,220.80999999999997,60.44,1,1,1.0
22,3,313.58,0.0,393.13000000000005,109.67,1,1,1.0
22,4,459.83,99.3,220.82,95.35000000000001,1,1,1.0
22,5,0.0,198.51,196.3,135.09000000000003,1,1,1.0
23,2,97.4,0.0,220.80999999999997,60.36,1,1,1.0
23,3,313.52,0.0,393.03,109.56,1,1,1.0
23,4,431.82,95.8,212.09999999999997,90.78000000000002,1,1,1.0
23,5,11.8,206.99,221.64999999999998,145.61,1,1,1.0
24,2,97.4,0.0,220.80999999999997,60.28,1,1,1.0
24,3,313.45,0.0,392.93,109.45,1,1,1.0
24,4,403.81,92.3,203.39000000000004,86.2,1,1,1.0
24,5,35.4,217.25,230.42,157.22000000000003,1,1,1.0
25,2,97.4,0.0,220.80999999999997,60.2,1,1,1.0
25,3,313.39,0.0,392.83000000000004,109.34,1,1,1.0
25,4,378.67,87.58,194.93,85.3,1,1,1.0
25,5,59.0,227.5,239.2,168.82999999999998,1,1,1.0
26,2,97.4,0.0,220.80999999999997,60.12,1,1,1.0
26,3,313.32,0.0,392.73999999999995,109.24,1,1,1.0
26,4,353.53,82.86,186.47000000000003,84.39999999999999,1,1,1.0
26,5,85.3,238.05,255.95,172.45,1,1,1.0
27,2,97.4,0.0,220.80999999999997,60.04,1,1,1.0
27,3,313.26,0.0,392.63,109.13,1,1,1.0
27,4,332.89,79.7,180.70000000000005,81.18999999999998,1,1,1.0
27,5,111.61,248.6,272.69,185.6,1,1,1.0
28,2,97.4,0.0,220.80999999999997,59.96,1,1,1.0
28,3,313.19,0.0,392.54,109.02,1,1,1.0
28,4,312.25,76.53,174.93,77.97999999999999,1,1,1.0
28,5,141.6,264.86,294.99,197.64,1,1,1.0
29,2,97.4,0.0,220.80999999999997,59.88,1,1,1.0
29,3,313.13,0.0,392.44000000000005,108.92,1,1,1.0
29,4,291.6,73.37,169.16999999999996,74.76999999999998,1,1,1.0
29,5,177.3,281.12,324.34999999999997,202.77999999999997,1,1,1.0
30,2,97.4,0.0,220.80999999999997,59.8,1,1,1.0
30,3,313.06,0.0,392.34,108.81,1,1,1.0
30,4,270.96,70.2,163.40000000000003,71.55999999999999,1,1,1.0
30,5,213.6,293.8,344.79999999999995,226.59999999999997,1,1,1.0
30,6,866.2,174.08,93.79999999999995,78.51999999999998,1,1,1.0
31,2,97.4,0.0,220.80999999999997,59.72,1,1,1.0
31,3,313.0,0.0,392.24,108.7,1,1,1.0
31,4,252.31,66.86,157.63,70.71,1,1,1.0
31,5,260.88,311.26,365.35,228.74,1,1,1.0
31,6,821.6,159.38,138.39999999999998,90.4,1,1,1.0
32,2,97.4,0.0,220.80999999999997,59.64,1,1,1.0
32,3,312.93,0.0,392.14000000000004,108.6,1,1,1.0
32,4,233.66,63.53,151.85999999999999,69.85999999999999,1,1,1.0
32,5,308.15,328.71,385.9200000000001,211.29000000000002,1,1,1.0
32,6,777.0,144.69,183.0,102.27000000000001,1,1,1.0
33,2,97.4,0.0,220.80999999999997,59.56,1,1,1.0
33,3,312.87,0.0,392.03999999999996,108.49,1,1,1.0
33,4,215.01,60.19,146.09000000000003,69.00999999999999,1,1,1.0
33,5,355.43,346.17,406.46999999999997,193.82999999999998,1,1,1.0
33,6,732.4,130.0,227.60000000000002,114.13999999999999,1,1,1.0
34,2,97.4,0.0,220.80999999999997,59.48,1,1,1.0
34,3,312.8,0.0,391.95,108.38,1,1,1.0
34,4,200.19,57.91,141.64999999999998,67.18,1,1,1.0
34,5,413.61,372.13,427.09000000000003,167.87,1,1,1.0
34,6,691.9,124.2,240.30000000000007,108.49999999999999,1,1,1.0
35,2,97.4,0.0,220.80999999999997,59.4,1,1,1.0
35,3,312.74,0.0,391.84000000000003,108.27,1,1,1.0
35,4,185.36,55.64,137.21999999999997,65.33,1,1,1.0
35,5,471.79,398.1,447.71,141.89999999999998,1,1,1.0
35,6,649.3,117.4,234.75,103.85,1,1,1.0
36,2,97.4,0.0,220.80999999999997,59.32,1,1,1.0
36,3,312.67,0.0,391.74999999999994,108.17,1,1,1.0
36,4,170.54,53.36,132.78,63.5,1,1,1.0
36,5,552.33,425.37,387.41999999999996,114.63,1,1,1.0
36,6,613.74,110.6,227.23000000000002,100.97,1,1,1.0
37,2,97.4,0.0,220.80999999999997,59.24,1,1,1.0
37,3,312.61,0.0,391.65,108.06,1,1,1.0
37,4,155.72,51.08,128.34,61.66,1,1,1.0
37,5,632.86,452.63,327.14,87.37,1,1,1.0
37,6,578.19,103.81,219.69999999999993,98.07999999999998,1,1,1.0
38,2,97.4,0.0,220.80999999999997,59.16,1,1,1.0
38,3,312.54,0.0,391.55,107.95,1,1,1.0
38,4,140.89,48.8,123.91000000000003,59.83,1,1,1.0
38,6,542.63,97.01,212.16999999999996,95.18999999999998,1,1,1.0
39,2,97.4,0.0,220.80999999999997,59.08,1,1,1.0
39,3,312.48,0.0,391.44999999999993,107.85,1,1,1.0
39,4,128.2,46.92,121.23000000000002,58.72,1,1,1.0
39,6,514.75,92.26,204.64,92.3,1,1,1.0
40,2,97.4,0.0,220.80999999999997,59.0,1,1,1.0
40,3,312.41,0.0,391.35999999999996,107.74,1,1,1.0
40,4,115.5,45.03,118.57,57.620000000000005,1,1,1.0
40,6,486.86,87.51,197.11,89.40999999999998,1,1,1.0
41,2,97.4,0.0,220.80999999999997,58.92,1,1,1.0
41,3,312.35,0.0,391.25,107.63,1,1,1.0
41,4,102.8,43.15,115.89999999999999,56.51,1,1,1.0
41,6,458.97,82.76,189.57999999999993,86.52,1,1,1.0
42,2,97.4,0.0,220.80999999999997,58.84,1,1,1.0
42,3,312.28,0.0,391.1600000000001,107.53,1,1,1.0
42,4,90.11,41.27,113.22000000000001,55.410000000000004,1,1,1.0
42,6,431.08,78.0,182.05,83.63999999999999,1,1,1.0
43,2,97.4,0.0,220.80999999999997,58.76,1,1,1.0
43,3,312.22,0.0,391.05999999999995,107.42,1,1,1.0
43,4,77.41,39.38,110.56,54.309999999999995,1,1,1.0
43,6,403.19,73.25,174.52000000000004,80.75,1,1,1.0
44,2,97.4,0.0,220.80999999999997,58.68,1,1,1.0
44,3,312.15,0.0,390.96000000000004,107.31,1,1,1.0
44,4,64.71,37.5,107.89,53.2,1,1,1.0
44,6,375.3,68.5,166.99999999999994,77.86000000000001,1,1,1.0
45,2,97.4,0.0,220.80999999999997,58.6,1,1,1.0
45,3,312.09,0.0,390.86000000000007,107.2,1,1,1.0
45,4,55.03,35.54,105.10999999999999,52.37,1,1,1.0
45,6,352.61,64.49,162.76,76.39,1,1,1.0
46,2,97.4,0.0,220.80999999999997,58.52,1,1,1.0
46,3,312.02,0.0,390.77,107.1,1,1,1.0
46,4,45.34,33.58,102.34,51.540000000000006,1,1,1.0
46,6,329.92,60.49,158.51999999999998,74.91,1,1,1.0
47,2,97.4,0.0,220.80999999999997,58.44,1,1,1.0
47,3,311.96,0.0,390.66,106.99,1,1,1.0
47,4,35.66,31.63,99.55000000000001,50.71000000000001,1,1,1.0
47,6,307.23,56.48,154.27999999999997,73.44,1,1,1.0
48,2,97.4,0.0,220.80999999999997,58.36,1,1,1.0
48,3,311.89,0.0,390.57000000000005,106.88,1,1,1.0
48,4,25.97,29.67,96.78,49.879999999999995,1,1,1.0
48,6,284.54,52.47,150.04999999999995,71.97,1,1,1.0
49,2,97.4,0.0,220.80999999999997,58.28,1,1,1.0
49,3,311.83,0.0,390.46999999999997,106.78,1,1,1.0
49,4,16.29,27.71,94.0,49.050000000000004,1,1,1.0
49,6,269.34,50.85,142.23000000000002,70.5,1,1,1.0
50,2,97.4,0.0,220.80999999999997,58.2,1,1,1.0
50,3,311.76,0.0,390.37,106.67,1,1,1.0
50,4,6.6,25.75,91.23,48.22,1,1,1.0
50,6,254.15,49.23,134.39000000000001,69.02000000000001,1,1,1.0
51,2,97.4,0.0,220.80999999999997,58.12,1,1,1.0
51,3,311.7,0.0,390.27000000000004,106.56,1,1,1.0
51,4,0.0,24.48,88.1,47.39,1,1,1.0
51,6,238.95,47.6,126.57,67.55000000000001,1,1,1.0
52,2,97.4,0.0,220.80999999999997,58.04,1,1,1.0
52,3,311.63,0.0,390.17999999999995,106.46,1,1,1.0
52,4,0.0,23.2,78.37,46.56,1,1,1.0
52,6,223.76,45.98,118.74000000000001,66.08000000000001,1,1,1.0
53,2,97.4,0.0,220.80999999999997,57.96,1,1,1.0
53,3,311.57,0.0,390.07,106.35,1,1,1.0
53,4,0.0,22.18,69.01,45.669999999999995,1,1,1.0
53,6,205.16,44.36,116.29999999999998,64.6,1,1,1.0
54,2,97.4,0.0,220.80999999999997,57.88,1,1,1.0
54,3,311.5,0.0,389.98,106.24,1,1,1.0
54,4,0.0,21.16,59.66,44.78,1,1,1.0
54,6,186.55,42.74,113.86000000000001,63.13,1,1,1.0
55,2,97.4,0.0,220.80999999999997,57.8,1,1,1.0
55,3,311.44,0.0,389.88000000000005,106.13,1,1,1.0
55,4,0.0,20.14,50.31,43.89,1,1,1.0
55,6,167.95,41.12,111.42000000000002,61.65,1,1,1.0
56,2,97.4,0.0,220.80999999999997,57.72,1,1,1.0
56,3,311.37,0.0,389.78,106.03,1,1,1.0
56,4,0.0,19.12,40.96,43.0,1,1,1.0
56,6,154.8,39.49,108.96999999999997,60.190000000000005,1,1,1.0
57,2,97.4,0.0,220.80999999999997,57.64,1,1,1.0
57,3,311.31,0.0,389.68,105.92,1,1,1.0
57,4,0.0,18.1,31.61,42.11,1,1,1.0
57,6,141.65,37.87,106.53,58.71,1,1,1.0
58,2,97.4,0.0,220.80999999999997,57.56,1,1,1.0
58,3,311.24,0.0,389.59000000000003,105.81,1,1,1.0
58,4,0.0,18.1,23.26,39.199999999999996,1,1,1.0
58,6,128.5,36.25,104.09,57.239999999999995,1,1,1.0
59,2,97.4,0.0,220.80999999999997,57.48,1,1,1.0
59,3,311.18,0.0,389.47999999999996,105.71,1,1,1.0
59,4,0.0,18.1,14.9,36.3,1,1,1.0
59,6,115.35,34.63,101.64000000000001,55.76,1,1,1.0
60,2,97.4,0.0,220.80999999999997,57.4,1,1,1.0
60,3,311.11,0.0,389.39,105.6,1,1,1.0
60,6,102.2,33.01,99.2,54.29,1,1,1.0
